{
 "cells": [
  {
   "cell_type": "code",
   "execution_count": 2,
   "id": "47b2c29a",
   "metadata": {},
   "outputs": [],
   "source": [
    "# Importando as bibliotecas que serão utilizadas\n",
    "\n",
    "from sklearn import datasets\n",
    "import numpy as np\n",
    "from sklearn.metrics import confusion_matrix\n",
    "import skfuzzy\n",
    "from yellowbrick.classifier import ConfusionMatrix"
   ]
  },
  {
   "cell_type": "code",
   "execution_count": 5,
   "id": "9fa4d6ed",
   "metadata": {},
   "outputs": [],
   "source": [
    "# Importando a base de dadosd que será utilizada\n",
    "\n",
    "iris = datasets.load_iris()"
   ]
  },
  {
   "cell_type": "code",
   "execution_count": 7,
   "id": "4183e224",
   "metadata": {},
   "outputs": [],
   "source": [
    "# Aplicaçao do algoritmo definindo três clusters e passando a matriz transposta\n",
    "\n",
    "r = skfuzzy.cmeans(data = iris.data.T, c =3, m = 2, error = 0.005, maxiter = 1000, init = None)"
   ]
  },
  {
   "cell_type": "code",
   "execution_count": 8,
   "id": "cd072151",
   "metadata": {
    "scrolled": false
   },
   "outputs": [
    {
     "data": {
      "text/plain": [
       "(array([[5.88829438, 2.76083941, 4.36301903, 1.39683428],\n",
       "        [5.00396446, 3.41412038, 1.48276418, 0.25352328],\n",
       "        [6.77423808, 3.05215711, 5.64581823, 2.0531746 ]]),\n",
       " array([[2.30445756e-03, 1.66621013e-02, 1.37677257e-02, 2.24817528e-02,\n",
       "         3.76216607e-03, 4.48325368e-02, 1.40123275e-02, 3.11759837e-04,\n",
       "         4.77497307e-02, 1.19449622e-02, 2.17683415e-02, 5.43643718e-03,\n",
       "         2.01969934e-02, 5.18227213e-02, 7.26383633e-02, 1.04388883e-01,\n",
       "         3.55951742e-02, 2.28894413e-03, 6.55935403e-02, 1.41642246e-02,\n",
       "         2.18724290e-02, 1.03789403e-02, 2.75204428e-02, 1.44761924e-02,\n",
       "         2.32637235e-02, 1.84752072e-02, 3.58575536e-03, 4.56750529e-03,\n",
       "         4.33003268e-03, 1.42131108e-02, 1.48119443e-02, 1.77086888e-02,\n",
       "         4.11635159e-02, 6.35076937e-02, 1.03495891e-02, 1.02062431e-02,\n",
       "         2.42636164e-02, 6.18412380e-03, 4.11091333e-02, 1.17855481e-03,\n",
       "         3.58434429e-03, 1.02333825e-01, 3.21954870e-02, 1.43945931e-02,\n",
       "         3.81557861e-02, 1.92368355e-02, 1.58505417e-02, 1.76640258e-02,\n",
       "         1.55280317e-02, 2.00919940e-03, 4.53589370e-01, 7.63293681e-01,\n",
       "         3.67932807e-01, 8.70461785e-01, 7.57866416e-01, 9.73792203e-01,\n",
       "         6.72023240e-01, 5.82842060e-01, 7.20272490e-01, 8.30817613e-01,\n",
       "         6.36801576e-01, 9.62066232e-01, 8.43412461e-01, 8.99001682e-01,\n",
       "         8.16485828e-01, 6.89255959e-01, 9.33062946e-01, 9.25975137e-01,\n",
       "         8.35117362e-01, 8.77990774e-01, 7.20763917e-01, 9.34376182e-01,\n",
       "         7.04471310e-01, 9.02291364e-01, 8.75592761e-01, 7.54177954e-01,\n",
       "         5.22757343e-01, 3.05260591e-01, 9.68553986e-01, 7.67372615e-01,\n",
       "         8.32635270e-01, 7.95821568e-01, 9.18994409e-01, 6.55218203e-01,\n",
       "         8.91117931e-01, 7.96641670e-01, 5.54451657e-01, 8.57437982e-01,\n",
       "         9.29122876e-01, 8.99727391e-01, 9.31292976e-01, 9.15132193e-01,\n",
       "         9.35956485e-01, 5.98656549e-01, 9.59097630e-01, 9.45697137e-01,\n",
       "         9.67578250e-01, 9.43702347e-01, 5.20465070e-01, 9.60799962e-01,\n",
       "         1.20681505e-01, 6.14642773e-01, 3.83011020e-02, 1.41327662e-01,\n",
       "         3.75757457e-02, 1.52786461e-01, 7.59988629e-01, 1.15245826e-01,\n",
       "         1.17128811e-01, 1.14711153e-01, 2.08972814e-01, 2.22157794e-01,\n",
       "         9.92023542e-03, 6.59265928e-01, 4.60252925e-01, 1.35548414e-01,\n",
       "         7.90871428e-02, 1.85902720e-01, 1.93328681e-01, 7.10114929e-01,\n",
       "         2.57937098e-02, 7.06321200e-01, 1.74916169e-01, 5.94433758e-01,\n",
       "         2.17507147e-02, 7.52844454e-02, 7.06567104e-01, 6.45632117e-01,\n",
       "         8.26152612e-02, 9.47519170e-02, 1.07550467e-01, 1.89066877e-01,\n",
       "         8.44992751e-02, 5.38902103e-01, 3.91977873e-01, 1.31891799e-01,\n",
       "         1.28454034e-01, 1.09466571e-01, 7.48872809e-01, 2.88423024e-02,\n",
       "         3.76469525e-02, 1.29122987e-01, 6.14642773e-01, 3.38544166e-02,\n",
       "         6.31946594e-02, 1.05950267e-01, 5.06375094e-01, 1.55548334e-01,\n",
       "         1.88546837e-01, 5.80651914e-01],\n",
       "        [9.96623640e-01, 9.75835754e-01, 9.79814981e-01, 9.67405207e-01,\n",
       "         9.94469950e-01, 9.34538187e-01, 9.79480301e-01, 9.99546957e-01,\n",
       "         9.30337433e-01, 9.82710293e-01, 9.68026639e-01, 9.92130878e-01,\n",
       "         9.70621109e-01, 9.22931425e-01, 8.89717513e-01, 8.41286497e-01,\n",
       "         9.46903094e-01, 9.96652221e-01, 9.04084885e-01, 9.79179781e-01,\n",
       "         9.68581556e-01, 9.84825246e-01, 9.58642817e-01, 9.79407263e-01,\n",
       "         9.66891341e-01, 9.73545901e-01, 9.94839316e-01, 9.93344967e-01,\n",
       "         9.93673408e-01, 9.79500359e-01, 9.78710253e-01, 9.74347539e-01,\n",
       "         9.38495376e-01, 9.04133056e-01, 9.85053408e-01, 9.84986975e-01,\n",
       "         9.64168029e-01, 9.90888984e-01, 9.39649763e-01, 9.98287919e-01,\n",
       "         9.94727376e-01, 8.50651940e-01, 9.52589635e-01, 9.79271817e-01,\n",
       "         9.45234344e-01, 9.72126832e-01, 9.76781617e-01, 9.74205349e-01,\n",
       "         9.77209721e-01, 9.97071196e-01, 4.45733006e-02, 2.92059841e-02,\n",
       "         3.12516707e-02, 4.92188650e-02, 2.41515390e-02, 5.73414175e-03,\n",
       "         2.98284598e-02, 2.84878141e-01, 3.12677144e-02, 7.45926703e-02,\n",
       "         2.18175892e-01, 9.17791225e-03, 5.55325143e-02, 1.21699099e-02,\n",
       "         9.14395310e-02, 4.17474089e-02, 1.41591138e-02, 2.57899502e-02,\n",
       "         2.71624365e-02, 5.13905680e-02, 2.76525490e-02, 1.94458039e-02,\n",
       "         2.40034046e-02, 1.39761846e-02, 2.29353316e-02, 3.39766589e-02,\n",
       "         3.36119932e-02, 2.11578129e-02, 4.97948277e-03, 1.28070319e-01,\n",
       "         7.76096463e-02, 1.03554493e-01, 3.08521081e-02, 2.39960489e-02,\n",
       "         2.63655529e-02, 3.21790381e-02, 3.34654914e-02, 2.68750582e-02,\n",
       "         2.40037362e-02, 3.80435294e-02, 1.95697668e-02, 1.16702593e-02,\n",
       "         2.24082549e-02, 2.68637594e-01, 1.26015996e-02, 1.67197185e-02,\n",
       "         9.51847355e-03, 1.14258928e-02, 3.55032741e-01, 1.26058060e-02,\n",
       "         1.93699825e-02, 2.93122008e-02, 6.10639843e-03, 1.24916319e-02,\n",
       "         4.75257739e-03, 3.55140817e-02, 7.29186947e-02, 2.19387609e-02,\n",
       "         1.39858113e-02, 2.44643946e-02, 1.67236338e-02, 1.57173636e-02,\n",
       "         1.15678481e-03, 3.43803837e-02, 3.83609087e-02, 1.40311876e-02,\n",
       "         7.12579188e-03, 5.06471123e-02, 4.92350336e-02, 3.22073040e-02,\n",
       "         3.84644412e-03, 3.36622204e-02, 4.20231723e-02, 2.28173891e-02,\n",
       "         2.91843310e-03, 1.29413843e-02, 2.10153094e-02, 2.31173467e-02,\n",
       "         8.33152859e-03, 1.44627271e-02, 1.98244455e-02, 5.09596685e-02,\n",
       "         8.93321571e-03, 2.33966893e-02, 3.11715009e-02, 2.87117090e-02,\n",
       "         1.72154854e-02, 9.74654538e-03, 2.17663479e-02, 3.47984746e-03,\n",
       "         5.07964122e-03, 1.53808067e-02, 2.93122008e-02, 5.27440258e-03,\n",
       "         9.71471379e-03, 1.12337049e-02, 2.57964743e-02, 1.20687969e-02,\n",
       "         2.15562641e-02, 2.69324231e-02],\n",
       "        [1.07190228e-03, 7.50214492e-03, 6.41729328e-03, 1.01130405e-02,\n",
       "         1.76788416e-03, 2.06292765e-02, 6.50737182e-03, 1.41282918e-04,\n",
       "         2.19128365e-02, 5.34474525e-03, 1.02050191e-02, 2.43268486e-03,\n",
       "         9.18189788e-03, 2.52458540e-02, 3.76441242e-02, 5.43246198e-02,\n",
       "         1.75017316e-02, 1.05883486e-03, 3.03215752e-02, 6.65599437e-03,\n",
       "         9.54601538e-03, 4.79581418e-03, 1.38367402e-02, 6.11654471e-03,\n",
       "         9.84493520e-03, 7.97889161e-03, 1.57492815e-03, 2.08752784e-03,\n",
       "         1.99655945e-03, 6.28653053e-03, 6.47780308e-03, 7.94377269e-03,\n",
       "         2.03411086e-02, 3.23592498e-02, 4.59700287e-03, 4.80678218e-03,\n",
       "         1.15683550e-02, 2.92689217e-03, 1.92411035e-02, 5.33526268e-04,\n",
       "         1.68827922e-03, 4.70142352e-02, 1.52148779e-02, 6.33358948e-03,\n",
       "         1.66098700e-02, 8.63633275e-03, 7.36784091e-03, 8.13062479e-03,\n",
       "         7.26224682e-03, 9.19605088e-04, 5.01837329e-01, 2.07500335e-01,\n",
       "         6.00815523e-01, 8.03193502e-02, 2.17982045e-01, 2.04736548e-02,\n",
       "         2.98148300e-01, 1.32279799e-01, 2.48459796e-01, 9.45897165e-02,\n",
       "         1.45022532e-01, 2.87558556e-02, 1.01055025e-01, 8.88284080e-02,\n",
       "         9.20746411e-02, 2.68996632e-01, 5.27779403e-02, 4.82349127e-02,\n",
       "         1.37720201e-01, 7.06186579e-02, 2.51583534e-01, 4.61780140e-02,\n",
       "         2.71525286e-01, 8.37324512e-02, 1.01471908e-01, 2.11845387e-01,\n",
       "         4.43630664e-01, 6.73581596e-01, 2.64665313e-02, 1.04557066e-01,\n",
       "         8.97550835e-02, 1.00623939e-01, 5.01534831e-02, 3.20785748e-01,\n",
       "         8.25165164e-02, 1.71179292e-01, 4.12082852e-01, 1.15686960e-01,\n",
       "         4.68733881e-02, 6.22290801e-02, 4.91372573e-02, 7.31975475e-02,\n",
       "         4.16352599e-02, 1.32705857e-01, 2.83007706e-02, 3.75831448e-02,\n",
       "         2.29032760e-02, 4.48717600e-02, 1.24502189e-01, 2.65942323e-02,\n",
       "         8.59948513e-01, 3.56045026e-01, 9.55592500e-01, 8.46180706e-01,\n",
       "         9.57671677e-01, 8.11699458e-01, 1.67092676e-01, 8.62815413e-01,\n",
       "         8.68885377e-01, 8.60824452e-01, 7.74303553e-01, 7.62124842e-01,\n",
       "         9.88922980e-01, 3.06353688e-01, 5.01386167e-01, 8.50420399e-01,\n",
       "         9.13787065e-01, 7.63450168e-01, 7.57436285e-01, 2.57677767e-01,\n",
       "         9.70359846e-01, 2.60016579e-01, 7.83060659e-01, 3.82748853e-01,\n",
       "         9.75330852e-01, 9.11774170e-01, 2.72417586e-01, 3.31250536e-01,\n",
       "         9.09053210e-01, 8.90785356e-01, 8.72625088e-01, 7.59973455e-01,\n",
       "         9.06567509e-01, 4.37701208e-01, 5.76850626e-01, 8.39396492e-01,\n",
       "         8.54330480e-01, 8.80786883e-01, 2.29360843e-01, 9.67677850e-01,\n",
       "         9.57273406e-01, 8.55496206e-01, 3.56045026e-01, 9.60871181e-01,\n",
       "         9.27090627e-01, 8.82816028e-01, 4.67828431e-01, 8.32382870e-01,\n",
       "         7.89896899e-01, 3.92415663e-01]]),\n",
       " array([[1.61818612e-01, 4.01605659e-02, 2.86553130e-01, 6.36054558e-01,\n",
       "         7.56123444e-02, 6.85367487e-02, 2.96808214e-01, 2.35810696e-01,\n",
       "         2.49565510e-01, 5.92687965e-01, 1.14150707e-01, 5.43768472e-01,\n",
       "         3.67785313e-01, 4.96681397e-01, 4.50943071e-01, 3.45835178e-01,\n",
       "         2.13954643e-01, 1.84009494e-01, 3.06610999e-01, 2.11798591e-01,\n",
       "         1.56254462e-01, 2.69876171e-01, 1.32292709e-01, 4.51093749e-01,\n",
       "         2.43000032e-01, 4.86625634e-01, 3.15557549e-01, 5.73424158e-01,\n",
       "         3.69311849e-01, 3.88245286e-01, 8.45950020e-02, 7.46006310e-01,\n",
       "         3.70087755e-01, 5.29485483e-01, 3.78651444e-01, 4.85750024e-01,\n",
       "         3.00153298e-01, 5.11839494e-01, 2.63905950e-01, 2.17074840e-01,\n",
       "         6.29466385e-01, 4.32683642e-01, 3.36005047e-01, 1.78342179e-01,\n",
       "         4.53687799e-01, 2.43333379e-01, 2.85234383e-01, 2.25427225e-01,\n",
       "         1.68225488e-01, 3.25139550e-01, 7.81146381e-02, 1.60625849e-01,\n",
       "         5.29765100e-01, 4.36499955e-01, 3.80347855e-01, 7.06484591e-02,\n",
       "         4.17515468e-01, 3.78138557e-01, 1.93451505e-01, 4.20285459e-01,\n",
       "         3.63482922e-01, 1.86289785e-01, 3.96573271e-01, 1.33706021e-01,\n",
       "         4.20375970e-01, 4.68420791e-01, 3.07299292e-01, 2.79598156e-01,\n",
       "         4.66427906e-01, 3.89468656e-01, 5.49868045e-01, 2.82498304e-01,\n",
       "         2.31719362e-01, 2.92617549e-01, 1.54623353e-01, 2.23615477e-01,\n",
       "         6.56060917e-01, 1.52165789e-01, 1.99070831e-01, 3.76196390e-01,\n",
       "         1.98720389e-01, 4.93383115e-01, 7.80145862e-01, 5.30704150e-01,\n",
       "         2.18288553e-02, 2.35044520e-01, 6.04823661e-01, 1.17409782e-01,\n",
       "         3.30120786e-01, 5.26069254e-01, 1.97052816e-01, 4.13557367e-01,\n",
       "         1.72512606e-01, 6.10609407e-01, 4.87223081e-01, 1.59865618e-01,\n",
       "         2.63433045e-01, 3.61805569e-01, 2.83899969e-01, 1.11111150e-02,\n",
       "         1.98691208e-01, 3.25449699e-01, 5.29426192e-01, 2.62266093e-01,\n",
       "         2.56271033e-01, 4.81724214e-01, 8.31508043e-02, 3.78056505e-01,\n",
       "         6.37930612e-01, 3.18838916e-01, 1.35545766e-01, 2.28056900e-01,\n",
       "         1.66575297e-01, 4.62498134e-01, 6.27782825e-01, 1.85041579e-01,\n",
       "         4.33394448e-01, 5.43920464e-01, 3.47515175e-01, 8.63506381e-01,\n",
       "         8.23833147e-01, 5.49017371e-01, 3.62515460e-01, 3.15663396e-01,\n",
       "         1.80194950e-01, 4.53143313e-01, 1.76470889e-01, 4.45195705e-01,\n",
       "         2.77823202e-01, 3.43562758e-01, 1.66458008e-01, 1.79268270e-01,\n",
       "         4.87156576e-03, 4.49223719e-01, 4.45296784e-01, 6.49296808e-01,\n",
       "         2.66277101e-01, 3.24552960e-01, 3.84359986e-01, 2.11901774e-01,\n",
       "         3.71387655e-01, 3.37992864e-01, 6.73315435e-01, 2.07627069e-01,\n",
       "         1.94805087e-01, 3.12043100e-01, 2.33366392e-01, 3.19582478e-01,\n",
       "         6.06498143e-01, 1.64536581e-01],\n",
       "        [5.03303481e-01, 4.80272456e-01, 3.04906899e-01, 2.55123302e-01,\n",
       "         4.77031745e-01, 7.87964303e-01, 3.79580306e-01, 5.67535264e-01,\n",
       "         4.22827810e-01, 3.27872270e-01, 3.62514121e-01, 5.85275617e-04,\n",
       "         3.96826065e-01, 1.87469005e-01, 5.16095419e-01, 3.16721803e-01,\n",
       "         7.15889639e-01, 7.70663069e-02, 2.31861942e-01, 4.39562598e-01,\n",
       "         4.22658968e-01, 2.78494104e-01, 6.94556103e-01, 1.75776355e-01,\n",
       "         3.27478782e-01, 3.62834126e-01, 3.87041734e-01, 1.34946200e-01,\n",
       "         2.25937482e-01, 2.55993324e-01, 5.46073868e-01, 2.19556630e-01,\n",
       "         2.26320539e-01, 1.33259882e-01, 4.17135043e-01, 4.54849414e-01,\n",
       "         4.69954395e-01, 5.44826876e-02, 3.97599799e-01, 1.89820341e-01,\n",
       "         3.18069530e-01, 1.18536413e-01, 2.76524761e-01, 4.36280696e-01,\n",
       "         1.48386283e-01, 5.29803207e-01, 4.36977359e-01, 6.71350046e-01,\n",
       "         6.92358032e-01, 2.89926094e-01, 6.11457058e-01, 5.91016162e-01,\n",
       "         1.95911053e-01, 4.63649584e-01, 3.06442511e-01, 3.04027385e-01,\n",
       "         2.85162955e-01, 3.95424682e-01, 3.93369163e-01, 4.18285942e-01,\n",
       "         3.61256643e-01, 3.47624508e-01, 2.79848556e-02, 4.09762095e-01,\n",
       "         3.12524117e-01, 1.22520014e-02, 7.27231787e-03, 3.40831941e-01,\n",
       "         1.06324181e-01, 4.86428517e-01, 4.50111345e-02, 1.38652117e-01,\n",
       "         3.49868876e-01, 9.08558857e-02, 8.32905549e-01, 4.32558968e-01,\n",
       "         2.01146494e-02, 4.94666989e-01, 2.75820126e-01, 1.68535642e-01,\n",
       "         7.12439015e-01, 4.34110527e-01, 1.85723008e-01, 2.62383050e-01,\n",
       "         5.30412500e-01, 4.09120425e-01, 3.57528479e-02, 3.12900489e-01,\n",
       "         3.19285037e-01, 2.31750057e-01, 4.70280029e-01, 3.25543450e-01,\n",
       "         4.33445434e-01, 4.85980950e-02, 2.35426577e-01, 3.19629503e-02,\n",
       "         1.35611104e-01, 8.93133155e-02, 4.07803911e-01, 7.36587977e-01,\n",
       "         1.98165579e-01, 3.41794308e-01, 3.15482450e-01, 2.33489496e-01,\n",
       "         3.30729949e-01, 9.34642649e-02, 5.53326240e-01, 2.31227374e-01,\n",
       "         2.87424247e-01, 4.05568627e-02, 5.85765262e-01, 1.51420446e-01,\n",
       "         3.37771730e-01, 1.95035731e-01, 1.60928770e-01, 4.84489768e-01,\n",
       "         2.65313242e-02, 1.26387981e-01, 1.89503222e-01, 1.22121084e-01,\n",
       "         1.30953153e-01, 4.16008475e-01, 5.41133157e-01, 5.85806497e-01,\n",
       "         1.84263173e-01, 3.94630439e-02, 2.07844069e-01, 3.28138887e-01,\n",
       "         3.84994767e-01, 3.31485799e-01, 3.01018394e-01, 5.27820936e-01,\n",
       "         5.08278354e-01, 2.98408240e-01, 8.74724153e-02, 3.31856825e-01,\n",
       "         4.37852375e-01, 2.74810015e-01, 2.92386902e-01, 6.53658804e-01,\n",
       "         2.68784974e-01, 2.94879497e-01, 2.73071502e-01, 6.52485722e-01,\n",
       "         6.67163311e-01, 3.55947916e-01, 2.10129382e-01, 2.08435379e-01,\n",
       "         3.51041364e-01, 1.49425966e-01],\n",
       "        [3.34877907e-01, 4.79566978e-01, 4.08539971e-01, 1.08822140e-01,\n",
       "         4.47355910e-01, 1.43498948e-01, 3.23611480e-01, 1.96654041e-01,\n",
       "         3.27606680e-01, 7.94397649e-02, 5.23335172e-01, 4.55646252e-01,\n",
       "         2.35388621e-01, 3.15849598e-01, 3.29615106e-02, 3.37443019e-01,\n",
       "         7.01557187e-02, 7.38924200e-01, 4.61527059e-01, 3.48638811e-01,\n",
       "         4.21086570e-01, 4.51629725e-01, 1.73151189e-01, 3.73129897e-01,\n",
       "         4.29521186e-01, 1.50540240e-01, 2.97400717e-01, 2.91629642e-01,\n",
       "         4.04750669e-01, 3.55761390e-01, 3.69331130e-01, 3.44370598e-02,\n",
       "         4.03591706e-01, 3.37254636e-01, 2.04213513e-01, 5.94005616e-02,\n",
       "         2.29892307e-01, 4.33677818e-01, 3.38494251e-01, 5.93104820e-01,\n",
       "         5.24640850e-02, 4.48779945e-01, 3.87470192e-01, 3.85377124e-01,\n",
       "         3.97925919e-01, 2.26863414e-01, 2.77788259e-01, 1.03222729e-01,\n",
       "         1.39416479e-01, 3.84934356e-01, 3.10428304e-01, 2.48357989e-01,\n",
       "         2.74323847e-01, 9.98504615e-02, 3.13209633e-01, 6.25324156e-01,\n",
       "         2.97321577e-01, 2.26436762e-01, 4.13179333e-01, 1.61428599e-01,\n",
       "         2.75260434e-01, 4.66085707e-01, 5.75441873e-01, 4.56531884e-01,\n",
       "         2.67099913e-01, 5.19327207e-01, 6.85428390e-01, 3.79569904e-01,\n",
       "         4.27247913e-01, 1.24102827e-01, 4.05120820e-01, 5.78849580e-01,\n",
       "         4.18411762e-01, 6.16526565e-01, 1.24710981e-02, 3.43825555e-01,\n",
       "         3.23824434e-01, 3.53167222e-01, 5.25109043e-01, 4.55267968e-01,\n",
       "         8.88405959e-02, 7.25063577e-02, 3.41311308e-02, 2.06912800e-01,\n",
       "         4.47758645e-01, 3.55835055e-01, 3.59423491e-01, 5.69689729e-01,\n",
       "         3.50594177e-01, 2.42180689e-01, 3.32667154e-01, 2.60899183e-01,\n",
       "         3.94041959e-01, 3.40792498e-01, 2.77350343e-01, 8.08171432e-01,\n",
       "         6.00955851e-01, 5.48881115e-01, 3.08296120e-01, 2.52300907e-01,\n",
       "         6.03143212e-01, 3.32755993e-01, 1.55091358e-01, 5.04244411e-01,\n",
       "         4.12999018e-01, 4.24811521e-01, 3.63522956e-01, 3.90716122e-01,\n",
       "         7.46451402e-02, 6.40604221e-01, 2.78688972e-01, 6.20522654e-01,\n",
       "         4.95652972e-01, 3.42466135e-01, 2.11288405e-01, 3.30468653e-01,\n",
       "         5.40074228e-01, 3.29691555e-01, 4.62981603e-01, 1.43725348e-02,\n",
       "         4.52136998e-02, 3.49741543e-02, 9.63513830e-02, 9.85301072e-02,\n",
       "         6.35541877e-01, 5.07393643e-01, 6.15685042e-01, 2.26665408e-01,\n",
       "         3.37182031e-01, 3.24951443e-01, 5.32523598e-01, 2.92910794e-01,\n",
       "         4.86850080e-01, 2.52368042e-01, 4.67230800e-01, 1.88463670e-02,\n",
       "         2.95870524e-01, 4.00637025e-01, 3.23253112e-01, 1.34439422e-01,\n",
       "         3.59827371e-01, 3.67127639e-01, 5.36130631e-02, 1.39887209e-01,\n",
       "         1.38031602e-01, 3.32008984e-01, 5.56504226e-01, 4.71982143e-01,\n",
       "         4.24604927e-02, 6.86037453e-01]]),\n",
       " array([[3.37337523, 3.35347843, 3.52411739, 3.37698424, 3.42127921,\n",
       "         3.10184899, 3.47141986, 3.29042298, 3.52792855, 3.31216135,\n",
       "         3.27868026, 3.26490388, 3.42094188, 3.86121084, 3.60283451,\n",
       "         3.45150094, 3.4513595 , 3.33920553, 3.06757645, 3.33184425,\n",
       "         3.02837255, 3.27016623, 3.8866698 , 2.96784168, 3.01525885,\n",
       "         3.14848394, 3.13457268, 3.2633415 , 3.33079112, 3.26674027,\n",
       "         3.21964299, 3.13648118, 3.48507637, 3.52616644, 3.27430083,\n",
       "         3.5240645 , 3.39287912, 3.48456269, 3.61755661, 3.26484678,\n",
       "         3.45261586, 3.56719291, 3.63625907, 3.09913606, 2.9599669 ,\n",
       "         3.35024023, 3.28145535, 3.47339293, 3.29505738, 3.3603058 ,\n",
       "         1.2419008 , 0.6957813 , 1.19898703, 0.71014448, 0.66522212,\n",
       "         0.25520382, 0.7842373 , 1.54739063, 0.76904318, 0.83177354,\n",
       "         1.50672586, 0.307495  , 0.78503455, 0.42160543, 0.83309917,\n",
       "         0.88049619, 0.41196892, 0.48801002, 0.66415977, 0.67353401,\n",
       "         0.73925233, 0.43302715, 0.73248239, 0.44570476, 0.54273068,\n",
       "         0.75173153, 1.01178213, 1.10168871, 0.24748892, 0.98163301,\n",
       "         0.82829863, 0.93704284, 0.51441975, 0.77498183, 0.57011941,\n",
       "         0.69357372, 0.94767888, 0.62659313, 0.46783258, 0.59997451,\n",
       "         0.46556757, 0.39772737, 0.45187583, 1.51291995, 0.35038145,\n",
       "         0.39745628, 0.30128479, 0.36038082, 1.62338433, 0.33991795,\n",
       "         2.08731334, 0.89878475, 2.09336591, 1.37168936, 1.77239134,\n",
       "         2.91301559, 1.07491219, 2.43448482, 1.71882522, 2.58047275,\n",
       "         1.21408222, 1.18180081, 1.63571779, 0.9343691 , 1.24852388,\n",
       "         1.46572382, 1.37355374, 3.23553508, 3.24963496, 0.86221048,\n",
       "         1.95438909, 0.85837326, 3.01812852, 0.78999628, 1.79764299,\n",
       "         2.18075284, 0.67244994, 0.74357799, 1.51259385, 1.97077651,\n",
       "         2.35734301, 3.10482119, 1.56159319, 0.85136314, 1.26523537,\n",
       "         2.67811244, 1.7647921 , 1.35356599, 0.65051587, 1.64570646,\n",
       "         1.81943929, 1.58032511, 0.89878475, 2.04989951, 1.98848004,\n",
       "         1.49409145, 0.94681531, 1.22299942, 1.54813582, 0.87350922],\n",
       "        [0.16221216, 0.43819966, 0.41774324, 0.51480162, 0.21043194,\n",
       "         0.67938942, 0.41520677, 0.05811125, 0.79925433, 0.36516666,\n",
       "         0.49166363, 0.24168133, 0.4934739 , 0.91495326, 1.02944055,\n",
       "         1.21580287, 0.66916465, 0.1600254 , 0.82626875, 0.40072817,\n",
       "         0.45508206, 0.33571191, 0.65853209, 0.36081638, 0.46770863,\n",
       "         0.43372847, 0.18818812, 0.22128502, 0.21987262, 0.393511  ,\n",
       "         0.39608344, 0.4228428 , 0.72988168, 0.93454411, 0.33562186,\n",
       "         0.35872493, 0.53823234, 0.27528013, 0.75666125, 0.11217854,\n",
       "         0.20725312, 1.23725794, 0.66849689, 0.37574111, 0.59469914,\n",
       "         0.47128249, 0.41801303, 0.46770661, 0.41536251, 0.15084372,\n",
       "         3.96169416, 3.55699016, 4.11397949, 2.98645361, 3.72640974,\n",
       "         3.3257232 , 3.72241017, 2.21332832, 3.69105972, 2.77593871,\n",
       "         2.57414452, 3.14824556, 3.05939189, 3.62362096, 2.48945359,\n",
       "         3.57769225, 3.34427425, 2.92417361, 3.68266283, 2.78395874,\n",
       "         3.77417156, 3.00167077, 3.96818964, 3.58118168, 3.3533813 ,\n",
       "         3.54168023, 3.99015662, 4.18464753, 3.45164059, 2.40285774,\n",
       "         2.71304185, 2.5976631 , 2.80757683, 4.04962335, 3.31447674,\n",
       "         3.45094157, 3.85739792, 3.53925849, 2.91063411, 2.91774862,\n",
       "         3.21168589, 3.52198206, 2.9204039 , 2.25850691, 3.05674832,\n",
       "         2.9891721 , 3.03764206, 3.27517205, 1.96554477, 2.96759939,\n",
       "         5.21006801, 4.11569205, 5.24273871, 4.61381067, 4.98366479,\n",
       "         6.04205883, 3.47022068, 5.57973567, 4.97416003, 5.58772293,\n",
       "         4.29168333, 4.44309104, 4.79008343, 4.09160241, 4.32464723,\n",
       "         4.55566889, 4.57595803, 6.19885731, 6.43940296, 4.04855865,\n",
       "         5.06102195, 3.9319313 , 6.15755487, 4.03221613, 4.90755685,\n",
       "         5.25979366, 3.89913947, 3.92961582, 4.76310467, 5.04436244,\n",
       "         5.49070873, 5.98041085, 4.80275561, 4.08594556, 4.48666085,\n",
       "         5.73995095, 4.82067429, 4.53622759, 3.81565541, 4.73791464,\n",
       "         4.95320111, 4.57887369, 4.11569205, 5.19342184, 5.07161667,\n",
       "         4.5884574 , 4.19489661, 4.39063106, 4.5785919 , 4.05590441],\n",
       "        [4.94619701, 4.99767118, 5.16185173, 5.0350437 , 4.99091986,\n",
       "         4.57272737, 5.09400623, 4.88784004, 5.20781977, 4.95154088,\n",
       "         4.78855882, 4.88072862, 5.07367715, 5.53208178, 5.00470796,\n",
       "         4.78450237, 4.92204126, 4.90960589, 4.5118022 , 4.86042921,\n",
       "         4.58402253, 4.8107763 , 5.4813617 , 4.56577836, 4.63508586,\n",
       "         4.79098553, 4.72975124, 4.82709578, 4.90514513, 4.9119469 ,\n",
       "         4.86855278, 4.68298196, 4.95771117, 4.93988406, 4.91295453,\n",
       "         5.13510799, 4.91371937, 5.06505317, 5.28773288, 4.85243575,\n",
       "         5.03072969, 5.26285629, 5.28954215, 4.67213501, 4.48625485,\n",
       "         5.00009299, 4.8130285 , 5.11960909, 4.81820954, 4.96694829,\n",
       "         1.18069265, 1.33447113, 0.93827073, 2.33782219, 1.24037399,\n",
       "         1.76004035, 1.17739848, 3.24809439, 1.30939621, 2.46510821,\n",
       "         3.15731974, 1.77859637, 2.26793093, 1.34125238, 2.48085289,\n",
       "         1.40943263, 1.73218272, 2.13819671, 1.6354885 , 2.37489697,\n",
       "         1.2512616 , 1.94786288, 1.17984159, 1.46309918, 1.59427244,\n",
       "         1.41837209, 1.09831344, 0.74165028, 1.49716329, 2.65935069,\n",
       "         2.52281159, 2.63521856, 2.20203148, 1.10758475, 1.87354002,\n",
       "         1.49623057, 1.09926088, 1.7058655 , 2.08287815, 2.28134823,\n",
       "         2.02684451, 1.40630373, 2.14247763, 3.21336287, 2.03973332,\n",
       "         1.99374147, 1.95826493, 1.65269472, 3.31916353, 2.04313402,\n",
       "         0.78193703, 1.18090408, 0.41909687, 0.56058026, 0.3510792 ,\n",
       "         1.26382696, 2.29243921, 0.8897351 , 0.63107698, 0.94198677,\n",
       "         0.63072111, 0.63806071, 0.163828  , 1.37068364, 1.19621421,\n",
       "         0.58517065, 0.40408813, 1.59660923, 1.64176   , 1.43132793,\n",
       "         0.3186409 , 1.41474048, 1.42644491, 0.98450931, 0.26845051,\n",
       "         0.62663613, 1.08297665, 1.03810383, 0.45599262, 0.64275408,\n",
       "         0.82758971, 1.54862087, 0.47675398, 0.94467171, 1.04296663,\n",
       "         1.06158342, 0.6843125 , 0.47718279, 1.17544494, 0.28412008,\n",
       "         0.36081492, 0.61395873, 1.18090408, 0.38477572, 0.51915893,\n",
       "         0.51759862, 0.98504968, 0.52868546, 0.75636858, 1.06255705]]),\n",
       " array([284.70684819, 212.38879809, 137.74682207,  73.93312103,\n",
       "         64.80468347,  61.26020757,  60.63452119,  60.53979569,\n",
       "         60.51815089,  60.51075713,  60.50780711,  60.50658496,\n",
       "         60.50607522,  60.50586256,  60.50577391]),\n",
       " 15,\n",
       " 0.7833735764608665)"
      ]
     },
     "execution_count": 8,
     "metadata": {},
     "output_type": "execute_result"
    }
   ],
   "source": [
    "# A função skfuzzy.cmeans retorna:\n",
    "\n",
    "#cntr : 2d array, size (S, c)\n",
    "#Cluster centers. Data for each center along each feature provided for every cluster (of the c requested clusters).\n",
    "\n",
    "#u : 2d array, (S, N)\n",
    "#Final fuzzy c-partitioned matrix.\n",
    "\n",
    "#u0 : 2d array, (S, N)\n",
    "#Initial guess at fuzzy c-partitioned matrix (either provided init or random guess used if init was not provided).\n",
    "\n",
    "#d : 2d array, (S, N)\n",
    "#Final Euclidian distance matrix.\n",
    "\n",
    "#jm : 1d array, length P\n",
    "#Objective function history.\n",
    "\n",
    "#p : int\n",
    "#Number of iterations run.\n",
    "\n",
    "#fpc : float\n",
    "#Final fuzzy partition coefficient.\n",
    "\n",
    "r"
   ]
  },
  {
   "cell_type": "code",
   "execution_count": 14,
   "id": "928af0c4",
   "metadata": {},
   "outputs": [],
   "source": [
    "# Criando a matriz com os valores previstos em porcentagem\n",
    "\n",
    "previsoes_porcentagem = r[1]"
   ]
  },
  {
   "cell_type": "code",
   "execution_count": 15,
   "id": "cd035a8d",
   "metadata": {
    "scrolled": false
   },
   "outputs": [
    {
     "name": "stdout",
     "output_type": "stream",
     "text": [
      "0.002304457560209297 0.9966236401567066 0.001071902283084121\n",
      "0.016662101303667857 0.9758357537800162 0.00750214491631593\n",
      "0.01376772571279054 0.9798149810029414 0.006417293284267955\n",
      "0.022481752775265193 0.9674052067047106 0.010113040520024\n",
      "0.0037621660719487707 0.9944699497633331 0.0017678841647179753\n",
      "0.04483253678397919 0.9345381867049207 0.020629276511100157\n",
      "0.014012327477152146 0.9794803006996395 0.006507371823208224\n",
      "0.00031175983692585034 0.9995469572453811 0.0001412829176931031\n",
      "0.04774973069088563 0.9303374328558107 0.02191283645330354\n",
      "0.011944962188626623 0.982710292559101 0.005344745252272412\n",
      "0.021768341461532593 0.9680266394762774 0.010205019062190051\n",
      "0.005436437183178403 0.9921308779541123 0.002432684862709365\n",
      "0.020196993379761868 0.9706211087421067 0.009181897878131432\n",
      "0.05182272134060092 0.9229314247056386 0.025245853953760562\n",
      "0.07263836327339733 0.8897175125345553 0.03764412419204734\n",
      "0.10438888341306268 0.8412864967705022 0.054324619816435264\n",
      "0.035595174239452895 0.9469030941530338 0.017501731607513334\n",
      "0.002288944125244368 0.996652221013646 0.001058834861109613\n",
      "0.0655935403370468 0.9040848845049815 0.030321575157971865\n",
      "0.014164224606123543 0.9791797810284287 0.006655994365447649\n",
      "0.021872428991294084 0.968581555629902 0.009546015378803813\n",
      "0.01037894029707296 0.9848252455250878 0.004795814177839212\n",
      "0.027520442783288444 0.9586428170076755 0.013836740209036082\n",
      "0.014476192398100069 0.9794072628960453 0.006116544705854726\n",
      "0.023263723522043835 0.9668913412733886 0.009844935204567615\n",
      "0.018475207238578848 0.9735459011511411 0.007978891610279933\n",
      "0.0035857553597925377 0.9948393164943952 0.0015749281458122871\n",
      "0.004567505288788118 0.9933449668740562 0.002087527837155686\n",
      "0.0043300326803802905 0.9936734078676192 0.001996559452000559\n",
      "0.014213110848314245 0.9795003586224534 0.006286530529232313\n",
      "0.014811944317882825 0.9787102526000678 0.006477803082049331\n",
      "0.01770868878483598 0.9743475385223909 0.007943772692773217\n",
      "0.04116351586231436 0.9384953755656597 0.02034110857202599\n",
      "0.06350769366434418 0.9041330564901903 0.032359249845465614\n",
      "0.010349589094263286 0.9850534080336985 0.0045970028720383575\n",
      "0.010206243093996795 0.9849869747269668 0.004806782179036323\n",
      "0.02426361641582474 0.9641680286039735 0.011568354980201707\n",
      "0.006184123797569068 0.9908889840329932 0.002926892169437707\n",
      "0.04110913329947176 0.9396497631567644 0.01924110354376381\n",
      "0.0011785548054922903 0.9982879189269583 0.0005335262675493706\n",
      "0.0035843442917604398 0.9947273764867824 0.0016882792214571317\n",
      "0.10233382477063163 0.8506519400764581 0.04701423515291027\n",
      "0.032195487000224184 0.9525896351449854 0.015214877854790494\n",
      "0.014394593115365062 0.9792718174039936 0.006333589480641333\n",
      "0.0381557861289992 0.9452343438551919 0.016609870015809006\n",
      "0.01923683545077441 0.9721268317966151 0.00863633275261047\n",
      "0.0158505417128488 0.9767816173733455 0.007367840913805813\n",
      "0.017664025784474298 0.9742053494278999 0.008130624787625716\n",
      "0.01552803170135507 0.9772097214739045 0.007262246824740506\n",
      "0.0020091994011848155 0.9970711955103301 0.0009196050884850922\n",
      "0.45358937021976725 0.04457330062221856 0.5018373291580143\n",
      "0.763293680525207 0.029205984061396434 0.20750033541339663\n",
      "0.367932806513114 0.03125167067358137 0.6008155228133047\n",
      "0.8704617848066023 0.049218864966308944 0.08031935022708868\n",
      "0.7578664155399264 0.024151539022735372 0.21798204543733837\n",
      "0.9737922034595057 0.0057341417501622725 0.020473654790332002\n",
      "0.6720232403911018 0.0298284598379566 0.29814829977094165\n",
      "0.5828420598120632 0.2848781409349118 0.13227979925302508\n",
      "0.7202724898915072 0.031267714436814434 0.24845979567167834\n",
      "0.8308176131899322 0.07459267027257918 0.0945897165374886\n",
      "0.6368015762592354 0.21817589214639682 0.1450225315943677\n",
      "0.9620662321657145 0.009177912245053184 0.028755855589232236\n",
      "0.8434124610893109 0.055532514324372284 0.10105502458631671\n",
      "0.8990016820571759 0.012169909913618231 0.08882840802920597\n",
      "0.8164858279505041 0.09143953096642223 0.09207464108307362\n",
      "0.6892559589940543 0.04174740892877343 0.2689966320771722\n",
      "0.9330629459110733 0.014159113764468116 0.05277794032445859\n",
      "0.9259751371106725 0.025789950223147142 0.04823491266618041\n",
      "0.8351173623513517 0.027162436492827395 0.13772020115582087\n",
      "0.8779907740395254 0.05139056803715203 0.07061865792332273\n",
      "0.7207639174250854 0.027652548962409797 0.25158353361250474\n",
      "0.9343761821302587 0.01944580385926741 0.04617801401047369\n",
      "0.7044713096021694 0.024003404642847472 0.2715252857549831\n",
      "0.9022913642392465 0.013976184606758653 0.08373245115399487\n",
      "0.8755927606433913 0.022935331553576323 0.10147190780303235\n",
      "0.7541779540926591 0.03397665893503916 0.21184538697230165\n",
      "0.5227573426542809 0.033611993230240875 0.44363066411547836\n",
      "0.30526059140368417 0.02115781292008207 0.6735815956762339\n",
      "0.9685539859206603 0.004979482769726266 0.026466531309613447\n",
      "0.7673726152225145 0.12807031921689355 0.10455706556059194\n",
      "0.832635270133459 0.07760964632179042 0.08975508354475072\n",
      "0.7958215676790662 0.10355449318085763 0.10062393914007627\n",
      "0.9189944087962708 0.030852108141639766 0.050153483062089464\n",
      "0.6552182033331408 0.023996048869646826 0.32078574779721225\n",
      "0.8911179306518036 0.026365552899334822 0.08251651644886171\n",
      "0.7966416696434979 0.032179038149250196 0.17117929220725195\n",
      "0.5544516568264061 0.03346549141842059 0.4120828517551734\n",
      "0.8574379820419036 0.02687505816922033 0.11568695978887615\n",
      "0.9291228756875964 0.02400373624801303 0.04687338806439043\n",
      "0.8997273905055903 0.038043529424726066 0.06222908006968357\n",
      "0.9312929759345261 0.019569766814538255 0.04913725725093576\n",
      "0.9151321931755194 0.011670259317000848 0.07319754750747973\n",
      "0.9359564852383961 0.022408254857641318 0.04163525990396258\n",
      "0.5986565485246862 0.2686375941712438 0.13270585730407003\n",
      "0.9590976298633146 0.012601599581273383 0.028300770555411973\n",
      "0.9456971366950252 0.01671971852757972 0.037583144777394946\n",
      "0.9675782504538941 0.009518473548325647 0.022903275997780227\n",
      "0.9437023472669642 0.011425892756753849 0.04487175997628185\n",
      "0.5204650696496572 0.35503274102340027 0.12450218932694233\n",
      "0.9607999617084343 0.012605806019550176 0.02659423227201558\n",
      "0.12068150478136395 0.019369982502148452 0.8599485127164876\n",
      "0.6146427732276531 0.029312200828967544 0.3560450259433793\n",
      "0.03830110200777719 0.006106398426058194 0.9555924995661645\n",
      "0.1413276621436848 0.012491631926963414 0.8461807059293517\n",
      "0.03757574569535132 0.00475257739129095 0.9576716769133578\n",
      "0.15278646076288993 0.03551408166753531 0.8116994575695747\n",
      "0.7599886290062555 0.07291869468027574 0.16709267631346858\n",
      "0.1152458259866022 0.02193876085084138 0.8628154131625564\n",
      "0.11712881128907957 0.013985811261923832 0.8688853774489965\n",
      "0.11471115301639863 0.024464394642625915 0.8608244523409756\n",
      "0.2089728136249493 0.016723633769882347 0.7743035526051684\n",
      "0.22215779395862695 0.01571736355111191 0.7621248424902611\n",
      "0.00992023541665362 0.0011567848121771013 0.9889229797711693\n",
      "0.6592659284648658 0.03438038367955665 0.30635368785557765\n",
      "0.4602529246621224 0.038360908731423234 0.5013861666064543\n",
      "0.13554841385408467 0.014031187588804808 0.8504203985571106\n",
      "0.07908714281917902 0.007125791884516165 0.9137870652963049\n",
      "0.18590271953699686 0.05064711229380304 0.7634501681692001\n",
      "0.19332868145143628 0.049235033596042976 0.7574362849525207\n",
      "0.710114928900793 0.032207304024141375 0.25767776707506557\n",
      "0.02579370977853548 0.003846444116766348 0.9703598461046983\n",
      "0.706321200350915 0.03366222044109798 0.26001657920798715\n",
      "0.17491616884991903 0.04202317228430753 0.7830606588657734\n",
      "0.594433758119973 0.02281738914537875 0.3827488527346482\n",
      "0.021750714704307055 0.002918433102618544 0.9753308521930744\n",
      "0.07528444535143246 0.012941384345047689 0.9117741703035198\n",
      "0.7065671042396038 0.02101530939274449 0.27241758636765173\n",
      "0.6456321169566562 0.02311734672136693 0.33125053632197676\n",
      "0.08261526115630148 0.00833152859373203 0.9090532102499664\n",
      "0.09475191703475223 0.014462727123525882 0.8907853558417219\n",
      "0.107550466691155 0.019824445491658876 0.8726250878171862\n",
      "0.18906687650925041 0.050959668485849825 0.7599734550048997\n",
      "0.08449927511862428 0.008933215711956108 0.9065675091694196\n",
      "0.5389021029527077 0.02339668934593255 0.4377012077013597\n",
      "0.39197787278165047 0.03117150094076264 0.5768506262775869\n",
      "0.13189179867464754 0.02871170901312596 0.8393964923122266\n",
      "0.12845403430359262 0.017215485448814273 0.8543304802475932\n",
      "0.10946657128076955 0.009746545376537382 0.8807868833426931\n",
      "0.7488728094087705 0.02176634787052618 0.2293608427207034\n",
      "0.02884230236942991 0.003479847462044817 0.9676778501685251\n",
      "0.037646952533109644 0.0050796412150037416 0.9572734062518866\n",
      "0.12912298677057418 0.015380806736553723 0.8554962064928721\n",
      "0.6146427732276531 0.029312200828967544 0.3560450259433793\n",
      "0.03385441655169944 0.005274402583131155 0.9608711808651693\n",
      "0.06319465939945974 0.00971471379498986 0.9270906268055503\n",
      "0.10595026745041361 0.011233704926092847 0.8828160276234934\n",
